   #length    #repetitions   #avg_time[us]
         1             128          0.1685
         2             128          0.2144
         4             128          0.1657
         8             128          0.1936
        16             128          0.1770
        32             128          0.2294
        64             128          0.1770
       128             128          0.1749
       256             128          0.1992
       512             128          0.2796
      1024             128          0.2478
      2048             128          0.3927
      4096             128          0.8622
      8192             128          1.1067
     16384             128          1.5574
     32768             128          2.5759
     65536             128          4.0636
    131072             128          8.0189
    262144             128         13.8059
    524288             128         26.0018
   1048576             128         69.1715
   2097152             128        114.8240
   4194304             128        219.1252
   8388608             128        464.7033
  16777216             128       1067.0687
