   #length    #repetitions   #avg_time[us]
         1             128          0.1812
         2             128          0.1609
         4             128          0.1259
         8             128          0.1857
        16             128          0.2063
        32             128          0.2462
        64             128          0.2927
       128             128          0.3893
       256             128          0.5908
       512             128          0.9494
      1024             128          1.6571
      2048             128          3.2646
      4096             128          6.1155
      8192             128         12.0829
     16384             128         24.1554
     32768             128         48.1402
     65536             128         95.0904
    131072             128        189.3278
    262144             128        378.3165
    524288             128        758.0973
   1048576             128       1519.6612
   2097152             128       3011.9236
   4194304             128       6083.9160
   8388608             128      12187.4378
  16777216             128      24374.1230
