   #length    #repetitions   #avg_time[us]
         1             128          0.1464
         2             128          0.1277
         4             128          0.0694
         8             128          0.1339
        16             128          0.1797
        32             128          0.2050
        64             128          0.2099
       128             128          0.2047
       256             128          0.2389
       512             128          0.4220
      1024             128          0.7270
      2048             128          1.5133
      4096             128          3.0456
      8192             128          5.8367
     16384             128         11.0849
     32768             128         20.8842
     65536             128         42.5050
    131072             128         78.5010
    262144             128        145.3245
    524288             128        333.0220
   1048576             128        615.4013
   2097152             128       1092.6162
   4194304             128       2182.2741
   8388608             128       4417.6881
  16777216             128       8873.4457
