   #length    #repetitions   #avg_time[us]
         1             128          0.2114
         2             128          0.2209
         4             128          0.2136
         8             128          0.2472
        16             128          0.2423
        32             128          0.2144
        64             128          0.2185
       128             128          0.2144
       256             128          0.2439
       512             128          0.2550
      1024             128          0.2709
      2048             128          0.2951
      4096             128          0.6518
      8192             128          1.1003
     16384             128          1.7782
     32768             128          2.8027
     65536             128          6.1491
    131072             128          9.8792
    262144             128         15.9500
    524288             128         31.1612
   1048576             128         65.3698
   2097152             128        159.5008
   4194304             128        382.4870
   8388608             128        806.9642
  16777216             128       1918.6663
